Running with 3 threads, array length: 10000

Serial Histogram:
Bin     Range           Count
---     -------------   -----
 0      [0.0000, 0.0333)          345
 1      [0.0333, 0.0667)          322
 2      [0.0667, 0.1000)          341
 3      [0.1000, 0.1333)          332
 4      [0.1333, 0.1667)          320
 5      [0.1667, 0.2000)          355
 6      [0.2000, 0.2333)          372
 7      [0.2333, 0.2667)          325
 8      [0.2667, 0.3000)          349
 9      [0.3000, 0.3333)          299
10      [0.3333, 0.3667)          337
11      [0.3667, 0.4000)          338
12      [0.4000, 0.4333)          339
13      [0.4333, 0.4667)          319
14      [0.4667, 0.5000)          323
15      [0.5000, 0.5333)          309
16      [0.5333, 0.5667)          345
17      [0.5667, 0.6000)          314
18      [0.6000, 0.6333)          355
19      [0.6333, 0.6667)          331
20      [0.6667, 0.7000)          362
21      [0.7000, 0.7333)          350
22      [0.7333, 0.7667)          306
23      [0.7667, 0.8000)          333
24      [0.8000, 0.8333)          313
25      [0.8333, 0.8667)          348
26      [0.8667, 0.9000)          332
27      [0.9000, 0.9333)          342
28      [0.9333, 0.9667)          297
29      [0.9667, 1.0000)          347
Total elements: 10000
Serial time: 0.000018 seconds

Parallel Histogram:
Bin     Range           Count
---     -------------   -----
 0      [0.0000, 0.0333)          345
 1      [0.0333, 0.0667)          322
 2      [0.0667, 0.1000)          341
 3      [0.1000, 0.1333)          332
 4      [0.1333, 0.1667)          320
 5      [0.1667, 0.2000)          355
 6      [0.2000, 0.2333)          372
 7      [0.2333, 0.2667)          325
 8      [0.2667, 0.3000)          349
 9      [0.3000, 0.3333)          299
10      [0.3333, 0.3667)          337
11      [0.3667, 0.4000)          338
12      [0.4000, 0.4333)          339
13      [0.4333, 0.4667)          319
14      [0.4667, 0.5000)          323
15      [0.5000, 0.5333)          309
16      [0.5333, 0.5667)          345
17      [0.5667, 0.6000)          314
18      [0.6000, 0.6333)          355
19      [0.6333, 0.6667)          331
20      [0.6667, 0.7000)          362
21      [0.7000, 0.7333)          350
22      [0.7333, 0.7667)          306
23      [0.7667, 0.8000)          333
24      [0.8000, 0.8333)          313
25      [0.8333, 0.8667)          348
26      [0.8667, 0.9000)          332
27      [0.9000, 0.9333)          342
28      [0.9333, 0.9667)          297
29      [0.9667, 1.0000)          347
Total elements: 10000
Parallel time: 0.000363 seconds
Total program time: 0.000886 seconds

Running with 3 threads, array length: 100000

Serial Histogram:
Bin     Range           Count
---     -------------   -----
 0      [0.0000, 0.0333)         3336
 1      [0.0333, 0.0667)         3244
 2      [0.0667, 0.1000)         3383
 3      [0.1000, 0.1333)         3275
 4      [0.1333, 0.1667)         3400
 5      [0.1667, 0.2000)         3299
 6      [0.2000, 0.2333)         3323
 7      [0.2333, 0.2667)         3217
 8      [0.2667, 0.3000)         3360
 9      [0.3000, 0.3333)         3326
10      [0.3333, 0.3667)         3287
11      [0.3667, 0.4000)         3303
12      [0.4000, 0.4333)         3393
13      [0.4333, 0.4667)         3363
14      [0.4667, 0.5000)         3355
15      [0.5000, 0.5333)         3326
16      [0.5333, 0.5667)         3305
17      [0.5667, 0.6000)         3368
18      [0.6000, 0.6333)         3420
19      [0.6333, 0.6667)         3397
20      [0.6667, 0.7000)         3359
21      [0.7000, 0.7333)         3327
22      [0.7333, 0.7667)         3297
23      [0.7667, 0.8000)         3384
24      [0.8000, 0.8333)         3305
25      [0.8333, 0.8667)         3399
26      [0.8667, 0.9000)         3311
27      [0.9000, 0.9333)         3351
28      [0.9333, 0.9667)         3305
29      [0.9667, 1.0000)         3282
Total elements: 100000
Serial time: 0.000839 seconds

Parallel Histogram:
Bin     Range           Count
---     -------------   -----
 0      [0.0000, 0.0333)         3336
 1      [0.0333, 0.0667)         3244
 2      [0.0667, 0.1000)         3383
 3      [0.1000, 0.1333)         3275
 4      [0.1333, 0.1667)         3400
 5      [0.1667, 0.2000)         3299
 6      [0.2000, 0.2333)         3323
 7      [0.2333, 0.2667)         3217
 8      [0.2667, 0.3000)         3360
 9      [0.3000, 0.3333)         3326
10      [0.3333, 0.3667)         3287
11      [0.3667, 0.4000)         3303
12      [0.4000, 0.4333)         3393
13      [0.4333, 0.4667)         3363
14      [0.4667, 0.5000)         3355
15      [0.5000, 0.5333)         3326
16      [0.5333, 0.5667)         3305
17      [0.5667, 0.6000)         3368
18      [0.6000, 0.6333)         3420
19      [0.6333, 0.6667)         3397
20      [0.6667, 0.7000)         3359
21      [0.7000, 0.7333)         3327
22      [0.7333, 0.7667)         3297
23      [0.7667, 0.8000)         3384
24      [0.8000, 0.8333)         3305
25      [0.8333, 0.8667)         3399
26      [0.8667, 0.9000)         3311
27      [0.9000, 0.9333)         3351
28      [0.9333, 0.9667)         3305
29      [0.9667, 1.0000)         3282
Total elements: 100000
Parallel time: 0.001576 seconds
Total program time: 0.011929 seconds

Running with 3 threads, array length: 1000000

Serial Histogram:
Bin     Range           Count
---     -------------   -----
 0      [0.0000, 0.0333)        33504
 1      [0.0333, 0.0667)        33064
 2      [0.0667, 0.1000)        33827
 3      [0.1000, 0.1333)        33443
 4      [0.1333, 0.1667)        33086
 5      [0.1667, 0.2000)        33342
 6      [0.2000, 0.2333)        33558
 7      [0.2333, 0.2667)        33390
 8      [0.2667, 0.3000)        33260
 9      [0.3000, 0.3333)        33544
10      [0.3333, 0.3667)        33607
11      [0.3667, 0.4000)        33447
12      [0.4000, 0.4333)        33168
13      [0.4333, 0.4667)        33347
14      [0.4667, 0.5000)        33234
15      [0.5000, 0.5333)        33204
16      [0.5333, 0.5667)        33447
17      [0.5667, 0.6000)        33080
18      [0.6000, 0.6333)        33466
19      [0.6333, 0.6667)        33407
20      [0.6667, 0.7000)        33175
21      [0.7000, 0.7333)        33267
22      [0.7333, 0.7667)        33299
23      [0.7667, 0.8000)        33301
24      [0.8000, 0.8333)        33096
25      [0.8333, 0.8667)        33100
26      [0.8667, 0.9000)        33649
27      [0.9000, 0.9333)        33380
28      [0.9333, 0.9667)        33194
29      [0.9667, 1.0000)        33114
Total elements: 1000000
Serial time: 0.002172 seconds

Parallel Histogram:
Bin     Range           Count
---     -------------   -----
 0      [0.0000, 0.0333)        33504
 1      [0.0333, 0.0667)        33064
 2      [0.0667, 0.1000)        33827
 3      [0.1000, 0.1333)        33443
 4      [0.1333, 0.1667)        33086
 5      [0.1667, 0.2000)        33342
 6      [0.2000, 0.2333)        33558
 7      [0.2333, 0.2667)        33390
 8      [0.2667, 0.3000)        33260
 9      [0.3000, 0.3333)        33544
10      [0.3333, 0.3667)        33607
11      [0.3667, 0.4000)        33447
12      [0.4000, 0.4333)        33168
13      [0.4333, 0.4667)        33347
14      [0.4667, 0.5000)        33234
15      [0.5000, 0.5333)        33204
16      [0.5333, 0.5667)        33447
17      [0.5667, 0.6000)        33080
18      [0.6000, 0.6333)        33466
19      [0.6333, 0.6667)        33407
20      [0.6667, 0.7000)        33175
21      [0.7000, 0.7333)        33267
22      [0.7333, 0.7667)        33299
23      [0.7667, 0.8000)        33301
24      [0.8000, 0.8333)        33096
25      [0.8333, 0.8667)        33100
26      [0.8667, 0.9000)        33649
27      [0.9000, 0.9333)        33380
28      [0.9333, 0.9667)        33194
29      [0.9667, 1.0000)        33114
Total elements: 1000000
Parallel time: 0.002363 seconds
Total program time: 0.034978 seconds
